  label  prop   fitness parent         alpha     c
0     A  -0.0  0.163053   None   [0.72, 0.6]  0.55
1     B  -0.0  0.316129   None  [0.65, 0.44]  0.42
2     C   1.0 -0.118143   None  [0.38, 0.79]  0.96
3   B.a  -0.0  0.265573      B  [0.56, 0.36]  0.51
4   B.b  -0.0  0.230683      B  [0.72, 0.53]  0.48
5   A.a  -0.0  0.137704      A  [0.64, 0.63]  0.60
6   B.c  -0.0  0.318635      B  [0.63, 0.39]  0.43
7   A.b  -0.0  0.188140      A  [0.62, 0.63]  0.56
treatments:
[[1.         0.        ]
 [0.98       0.        ]
 [0.941192   0.        ]
 [0.88584238 0.        ]
 [0.81707281 0.        ]
 [0.7385691  0.        ]
 [0.65425581 0.        ]
 [0.56797618 0.        ]
 [0.48321313 0.        ]
 [0.40287786 0.        ]
 [1.         0.        ]
 [0.98       0.        ]
 [0.941192   0.        ]
 [0.88584238 0.        ]
 [0.81707281 0.        ]
 [0.7385691  0.        ]
 [0.65425581 0.        ]
 [0.56797618 0.        ]
 [0.48321313 0.        ]
 [0.40287786 0.        ]
 [1.         0.        ]
 [0.98       0.        ]
 [0.941192   0.        ]
 [0.88584238 0.        ]
 [0.81707281 0.        ]
 [0.7385691  0.        ]
 [0.65425581 0.        ]
 [0.56797618 0.        ]
 [0.48321313 0.        ]
 [0.40287786 0.        ]
 [1.         0.        ]
 [0.98       0.        ]
 [0.941192   0.        ]
 [0.88584238 0.        ]
 [0.81707281 0.        ]
 [0.7385691  0.        ]
 [0.65425581 0.        ]
 [0.56797618 0.        ]
 [0.48321313 0.        ]
 [0.40287786 0.        ]
 [1.         0.        ]
 [0.98       0.        ]
 [0.941192   0.        ]
 [0.88584238 0.        ]
 [0.81707281 0.        ]
 [0.7385691  0.        ]
 [0.65425581 0.        ]
 [0.56797618 0.        ]
 [0.48321313 0.        ]
 [0.40287786 0.        ]
 [1.         0.        ]
 [0.98       0.        ]
 [0.941192   0.        ]
 [0.88584238 0.        ]
 [0.81707281 0.        ]
 [0.7385691  0.        ]
 [0.65425581 0.        ]
 [0.56797618 0.        ]
 [0.48321313 0.        ]
 [0.40287786 0.        ]
 [1.         0.        ]
 [0.98       0.        ]
 [0.941192   0.        ]
 [0.88584238 0.        ]
 [0.81707281 0.        ]
 [0.7385691  0.        ]
 [0.65425581 0.        ]
 [0.56797618 0.        ]
 [0.48321313 0.        ]
 [0.40287786 0.        ]
 [1.         0.        ]
 [0.98       0.        ]
 [0.941192   0.        ]
 [0.88584238 0.        ]
 [0.81707281 0.        ]=
 [0.7385691  0.        ]
 [0.65425581 0.        ]
 [0.56797618 0.        ]
 [0.48321313 0.        ]
 [0.40287786 0.        ]
 [1.         0.        ]
 [0.98       0.        ]
 [0.941192   0.        ]
 [0.88584238 0.        ]
 [0.81707281 0.        ]
 [0.7385691  0.        ]
 [0.65425581 0.        ]
 [0.56797618 0.        ]
 [0.48321313 0.        ]
 [0.40287786 0.        ]
 [1.         0.        ]
 [0.98       0.        ]
 [0.941192   0.        ]
 [0.88584238 0.        ]
 [0.81707281 0.        ]
 [0.7385691  0.        ]
 [0.65425581 0.        ]
 [0.56797618 0.        ]
 [0.48321313 0.        ]
 [0.40287786 0.        ]]
stratlog: 
['degree', 'degree', 'degree', 'degree', 'degree', 'degree', 'degree', 'degree', 'degree', 'degree']