alpha: 
 [[0.05 1.1 ]
 [1.1  0.03]
 [1.   1.  ]] 
cs:[0.03 0.03 0.  ]
treatments:[[0. 1.]
 [0. 0.]
 [1. 0.]
 [0. 0.]
 [1. 0.]
 [0. 0.]
 [1. 0.]
 [0. 0.]
 [1. 0.]
 [0. 0.]
 [1. 0.]
 [0. 0.]
 [1. 0.]
 [0. 0.]
 [1. 0.]
 [0. 0.]
 [1. 0.]
 [0. 0.]
 [1. 0.]
 [0. 0.]
 [1. 0.]
 [0. 0.]
 [1. 0.]
 [0. 0.]
 [1. 0.]
 [0. 0.]
 [1. 0.]
 [0. 0.]
 [1. 0.]
 [0. 0.]
 [1. 0.]
 [0. 0.]
 [1. 0.]
 [0. 0.]
 [1. 0.]
 [0. 0.]
 [1. 0.]
 [0. 0.]
 [1. 0.]
 [0. 0.]
 [1. 0.]
 [0. 0.]
 [1. 0.]
 [0. 0.]
 [1. 0.]
 [0. 0.]
 [1. 0.]
 [0. 0.]
 [1. 0.]
 [0. 0.]
 [1. 0.]
 [0. 0.]
 [1. 0.]
 [0. 0.]
 [1. 0.]
 [0. 0.]
 [1. 0.]
 [0. 0.]
 [1. 0.]
 [0. 0.]
 [1. 0.]
 [0. 0.]
 [1. 0.]
 [0. 0.]
 [1. 0.]
 [0. 0.]
 [1. 0.]
 [0. 0.]
 [1. 0.]
 [0. 0.]
 [1. 0.]
 [0. 0.]
 [1. 0.]
 [0. 0.]
 [1. 0.]
 [0. 0.]
 [1. 0.]
 [0. 0.]
 [1. 0.]
 [0. 0.]
 [1. 0.]
 [0. 0.]
 [1. 0.]
 [0. 0.]
 [1. 0.]
 [0. 0.]
 [1. 0.]
 [0. 0.]
 [1. 0.]
 [0. 0.]
 [1. 0.]
 [0. 0.]
 [1. 0.]
 [0. 0.]
 [1. 0.]
 [0. 0.]
 [1. 0.]
 [0. 0.]
 [1. 0.]
 [0. 0.]]