   label    prop   fitness parent               alpha     c
0      A  0.0000  0.042600   None   [0.7, 0.69, 0.17]  0.26
1      B  0.0000  0.005735   None   [0.71, 0.3, 0.59]  0.29
2      C  0.0000  0.000000   None  [0.71, 0.63, 0.11]  0.35
3    B.a  0.9996  0.093115      B  [0.69, 0.27, 0.66]  0.21
4    B.b  0.0000  0.038319      B  [0.63, 0.32, 0.52]  0.33
5    B.c  0.0000  0.080455      B  [0.64, 0.31, 0.61]  0.28
6    B.d  0.0000  0.058544      B  [0.64, 0.25, 0.59]  0.30
7    B.e  0.0000  0.000000      B   [0.79, 0.3, 0.65]  0.38
8    A.a  0.0000  0.133636      A    [0.7, 0.76, 0.1]  0.17
9    B.f  0.0000  0.000000      B  [0.79, 0.25, 0.61]  0.21
10   A.b  0.0000  0.000000      A   [0.8, 0.63, 0.11]  0.25
11   B.g  0.0004  0.094798      B  [0.63, 0.32, 0.51]  0.28
12   A.c  0.0000  0.000000      A  [0.76, 0.66, 0.09]  0.34
treatments:
[[1. 0. 0.]
 [1. 0. 0.]
 [1. 0. 0.]
 [1. 0. 0.]
 [1. 0. 0.]
 [1. 0. 0.]
 [1. 0. 0.]
 [1. 0. 0.]
 [1. 0. 0.]
 [1. 0. 0.]
 [1. 0. 0.]
 [1. 0. 0.]
 [1. 0. 0.]
 [1. 0. 0.]
 [1. 0. 0.]
 [1. 0. 0.]
 [1. 0. 0.]
 [1. 0. 0.]
 [1. 0. 0.]
 [1. 0. 0.]
 [0. 1. 0.]
 [0. 1. 0.]
 [0. 1. 0.]
 [0. 1. 0.]
 [0. 1. 0.]
 [0. 1. 0.]
 [0. 1. 0.]
 [0. 1. 0.]
 [0. 1. 0.]
 [0. 1. 0.]
 [1. 0. 0.]
 [1. 0. 0.]
 [1. 0. 0.]
 [1. 0. 0.]
 [1. 0. 0.]
 [1. 0. 0.]
 [1. 0. 0.]
 [1. 0. 0.]
 [1. 0. 0.]
 [1. 0. 0.]
 [0. 1. 0.]
 [0. 1. 0.]
 [0. 1. 0.]
 [0. 1. 0.]
 [0. 1. 0.]
 [0. 1. 0.]
 [0. 1. 0.]
 [0. 1. 0.]
 [0. 1. 0.]
 [0. 1. 0.]
 [1. 0. 0.]
 [1. 0. 0.]
 [1. 0. 0.]
 [1. 0. 0.]
 [1. 0. 0.]
 [1. 0. 0.]
 [1. 0. 0.]
 [1. 0. 0.]
 [1. 0. 0.]
 [1. 0. 0.]
 [1. 0. 0.]
 [1. 0. 0.]
 [1. 0. 0.]
 [1. 0. 0.]
 [1. 0. 0.]
 [1. 0. 0.]
 [1. 0. 0.]
 [1. 0. 0.]
 [1. 0. 0.]
 [1. 0. 0.]
 [1. 0. 0.]
 [1. 0. 0.]
 [1. 0. 0.]
 [1. 0. 0.]
 [1. 0. 0.]
 [1. 0. 0.]
 [1. 0. 0.]
 [1. 0. 0.]
 [1. 0. 0.]
 [1. 0. 0.]
 [1. 0. 0.]
 [1. 0. 0.]
 [1. 0. 0.]
 [1. 0. 0.]
 [1. 0. 0.]
 [1. 0. 0.]
 [1. 0. 0.]
 [1. 0. 0.]
 [1. 0. 0.]
 [1. 0. 0.]
 [1. 0. 0.]
 [1. 0. 0.]
 [1. 0. 0.]
 [1. 0. 0.]
 [1. 0. 0.]
 [1. 0. 0.]
 [1. 0. 0.]
 [1. 0. 0.]
 [1. 0. 0.]
 [1. 0. 0.]]
stratlog: 
['prop', 'prop', 'fit', 'fit', 'fit', 'degree', 'degree', 'propweight', 'propweight', 'propweight']