  label  prop  fitness parent         alpha     c
0     A   NaN        0   None   [0.72, 0.6]  0.55
1     B   NaN        0   None  [0.65, 0.44]  0.42
2     C   NaN        0   None  [0.38, 0.79]  0.96
3   B.a   NaN        0      B  [0.56, 0.36]  0.51
4   B.b   NaN        0      B  [0.72, 0.53]  0.48
5   A.a   NaN        0      A  [0.64, 0.63]  0.60
6   B.c   NaN        0      B  [0.63, 0.39]  0.43
7   A.b   NaN        0      A  [0.62, 0.63]  0.56
treatments:
[[1. 0.]
 [1. 0.]
 [1. 0.]
 [1. 0.]
 [1. 0.]
 [1. 0.]
 [1. 0.]
 [1. 0.]
 [1. 0.]
 [1. 0.]
 [1. 0.]
 [1. 0.]
 [1. 0.]
 [1. 0.]
 [1. 0.]
 [1. 0.]
 [1. 0.]
 [1. 0.]
 [1. 0.]
 [1. 0.]
 [1. 0.]
 [1. 0.]
 [1. 0.]
 [1. 0.]
 [1. 0.]
 [1. 0.]
 [1. 0.]
 [1. 0.]
 [1. 0.]
 [1. 0.]
 [1. 0.]
 [1. 0.]
 [1. 0.]
 [1. 0.]
 [1. 0.]
 [1. 0.]
 [1. 0.]
 [1. 0.]
 [1. 0.]
 [1. 0.]
 [1. 0.]
 [1. 0.]
 [1. 0.]
 [1. 0.]
 [1. 0.]
 [1. 0.]
 [1. 0.]
 [1. 0.]
 [1. 0.]
 [1. 0.]
 [1. 0.]
 [1. 0.]
 [1. 0.]
 [1. 0.]
 [1. 0.]
 [1. 0.]
 [1. 0.]
 [1. 0.]
 [1. 0.]
 [1. 0.]
 [1. 0.]
 [1. 0.]
 [1. 0.]
 [1. 0.]
 [1. 0.]
 [1. 0.]
 [1. 0.]
 [1. 0.]
 [1. 0.]
 [1. 0.]
 [1. 0.]
 [1. 0.]
 [1. 0.]
 [1. 0.]
 [1. 0.]
 [1. 0.]
 [1. 0.]
 [1. 0.]
 [1. 0.]
 [1. 0.]
 [1. 0.]
 [1. 0.]
 [1. 0.]
 [1. 0.]
 [1. 0.]
 [1. 0.]
 [1. 0.]
 [1. 0.]
 [1. 0.]
 [1. 0.]
 [1. 0.]
 [1. 0.]
 [1. 0.]
 [1. 0.]
 [1. 0.]
 [1. 0.]
 [1. 0.]
 [1. 0.]
 [1. 0.]
 [1. 0.]]
stratlog: 
['degree', 'degree', 'degree', 'degree', 'degree', 'degree', 'degree', 'degree', 'degree', 'degree']