   label    prop   fitness parent               alpha     c
0      A  0.0000  0.031119   None   [0.7, 0.65, 0.44]  0.26
1      B  0.0000  0.000000   None  [0.71, 0.93, 0.07]  0.39
2      C  0.8333  0.184148   None   [0.71, 0.8, 0.46]  0.11
3    A.a  0.0000  0.074465      A  [0.63, 0.73, 0.44]  0.29
4    A.b  0.0000  0.000000      A   [0.7, 0.66, 0.34]  0.32
5    A.c  0.0000  0.000000      A  [0.79, 0.68, 0.41]  0.29
6    A.d  0.0000  0.085721      A  [0.74, 0.68, 0.38]  0.18
7    A.e  0.0000  0.044338      A  [0.72, 0.63, 0.54]  0.24
8    A.f  0.0000  0.068236      A   [0.73, 0.6, 0.43]  0.20
9    A.g  0.1667  0.077778      A  [0.74, 0.57, 0.38]  0.19
10   A.h  0.0000  0.044110      A  [0.77, 0.57, 0.53]  0.18
treatments:
[[1. 0. 0.]
 [1. 0. 0.]
 [1. 0. 0.]
 [1. 0. 0.]
 [1. 0. 0.]
 [1. 0. 0.]
 [1. 0. 0.]
 [1. 0. 0.]
 [1. 0. 0.]
 [1. 0. 0.]
 [0. 1. 0.]
 [0. 1. 0.]
 [0. 1. 0.]
 [0. 1. 0.]
 [0. 1. 0.]
 [0. 1. 0.]
 [0. 1. 0.]
 [0. 1. 0.]
 [0. 1. 0.]
 [0. 1. 0.]
 [1. 0. 0.]
 [1. 0. 0.]
 [1. 0. 0.]
 [1. 0. 0.]
 [1. 0. 0.]
 [1. 0. 0.]
 [1. 0. 0.]
 [1. 0. 0.]
 [1. 0. 0.]
 [1. 0. 0.]
 [0. 1. 0.]
 [0. 1. 0.]
 [0. 1. 0.]
 [0. 1. 0.]
 [0. 1. 0.]
 [0. 1. 0.]
 [0. 1. 0.]
 [0. 1. 0.]
 [0. 1. 0.]
 [0. 1. 0.]
 [1. 0. 0.]
 [1. 0. 0.]
 [1. 0. 0.]
 [1. 0. 0.]
 [1. 0. 0.]
 [1. 0. 0.]
 [1. 0. 0.]
 [1. 0. 0.]
 [1. 0. 0.]
 [1. 0. 0.]
 [0. 1. 0.]
 [0. 1. 0.]
 [0. 1. 0.]
 [0. 1. 0.]
 [0. 1. 0.]
 [0. 1. 0.]
 [0. 1. 0.]
 [0. 1. 0.]
 [0. 1. 0.]
 [0. 1. 0.]
 [0. 1. 0.]
 [0. 1. 0.]
 [0. 1. 0.]
 [0. 1. 0.]
 [0. 1. 0.]
 [0. 1. 0.]
 [0. 1. 0.]
 [0. 1. 0.]
 [0. 1. 0.]
 [0. 1. 0.]
 [1. 0. 0.]
 [1. 0. 0.]
 [1. 0. 0.]
 [1. 0. 0.]
 [1. 0. 0.]
 [1. 0. 0.]
 [1. 0. 0.]
 [1. 0. 0.]
 [1. 0. 0.]
 [1. 0. 0.]
 [0. 1. 0.]
 [0. 1. 0.]
 [0. 1. 0.]
 [0. 1. 0.]
 [0. 1. 0.]
 [0. 1. 0.]
 [0. 1. 0.]
 [0. 1. 0.]
 [0. 1. 0.]
 [0. 1. 0.]
 [1. 0. 0.]
 [1. 0. 0.]
 [1. 0. 0.]
 [1. 0. 0.]
 [1. 0. 0.]
 [1. 0. 0.]
 [1. 0. 0.]
 [1. 0. 0.]
 [1. 0. 0.]
 [1. 0. 0.]]
stratlog: 
['prop', 'prop', 'fit', 'fit', 'fit', 'fit', 'prop', 'propweight', 'propweight', 'propweight']