   label  prop   fitness parent               alpha     c
0      A   0.0  0.086078   None   [0.7, 0.16, 0.06]  0.21
1      B   0.0  0.011341   None  [0.71, 0.21, 0.18]  0.28
2      C   0.0  0.102609   None  [0.71, 0.14, 0.29]  0.19
3    A.a   0.0  0.089108      A  [0.64, 0.16, 0.08]  0.27
4    A.b   1.0  0.238963      A  [0.61, 0.25, 0.15]  0.15
5    A.c   0.0  0.129697      A   [0.74, 0.14, 0.0]  0.13
6    A.d   0.0  0.052458      A  [0.65, 0.19, 0.02]  0.29
7    A.e   0.0  0.055190      A   [0.8, 0.21, 0.15]  0.15
8    A.f   0.0  0.084004      A    [0.62, 0.1, 0.0]  0.30
9    A.g   0.0  0.066060      A  [0.77, 0.13, 0.01]  0.17
10   A.h   0.0  0.110728      A  [0.62, 0.25, 0.11]  0.27
treatments:
[[1. 0. 0.]
 [1. 0. 0.]
 [1. 0. 0.]
 [1. 0. 0.]
 [1. 0. 0.]
 [1. 0. 0.]
 [1. 0. 0.]
 [1. 0. 0.]
 [1. 0. 0.]
 [1. 0. 0.]
 [1. 0. 0.]
 [1. 0. 0.]
 [1. 0. 0.]
 [1. 0. 0.]
 [1. 0. 0.]
 [1. 0. 0.]
 [1. 0. 0.]
 [1. 0. 0.]
 [1. 0. 0.]
 [1. 0. 0.]
 [1. 0. 0.]
 [1. 0. 0.]
 [1. 0. 0.]
 [1. 0. 0.]
 [1. 0. 0.]
 [1. 0. 0.]
 [1. 0. 0.]
 [1. 0. 0.]
 [1. 0. 0.]
 [1. 0. 0.]
 [1. 0. 0.]
 [1. 0. 0.]
 [1. 0. 0.]
 [1. 0. 0.]
 [1. 0. 0.]
 [1. 0. 0.]
 [1. 0. 0.]
 [1. 0. 0.]
 [1. 0. 0.]
 [1. 0. 0.]
 [1. 0. 0.]
 [1. 0. 0.]
 [1. 0. 0.]
 [1. 0. 0.]
 [1. 0. 0.]
 [1. 0. 0.]
 [1. 0. 0.]
 [1. 0. 0.]
 [1. 0. 0.]
 [1. 0. 0.]
 [1. 0. 0.]
 [1. 0. 0.]
 [1. 0. 0.]
 [1. 0. 0.]
 [1. 0. 0.]
 [1. 0. 0.]
 [1. 0. 0.]
 [1. 0. 0.]
 [1. 0. 0.]
 [1. 0. 0.]
 [1. 0. 0.]
 [1. 0. 0.]
 [1. 0. 0.]
 [1. 0. 0.]
 [1. 0. 0.]
 [1. 0. 0.]
 [1. 0. 0.]
 [1. 0. 0.]
 [1. 0. 0.]
 [1. 0. 0.]
 [1. 0. 0.]
 [1. 0. 0.]
 [1. 0. 0.]
 [1. 0. 0.]
 [1. 0. 0.]
 [1. 0. 0.]
 [1. 0. 0.]
 [1. 0. 0.]
 [1. 0. 0.]
 [1. 0. 0.]
 [1. 0. 0.]
 [1. 0. 0.]
 [1. 0. 0.]
 [1. 0. 0.]
 [1. 0. 0.]
 [1. 0. 0.]
 [1. 0. 0.]
 [1. 0. 0.]
 [1. 0. 0.]
 [1. 0. 0.]
 [1. 0. 0.]
 [1. 0. 0.]
 [1. 0. 0.]
 [1. 0. 0.]
 [1. 0. 0.]
 [1. 0. 0.]
 [1. 0. 0.]
 [1. 0. 0.]
 [1. 0. 0.]
 [1. 0. 0.]]
stratlog: 
['prop', 'prop', 'fit', 'fit', 'fit', 'fit', 'prop', 'propweight', 'propweight', 'propweight']