   label    prop   fitness parent                     alpha     c
0      A  0.0000  0.028897   None  [0.71, 0.44, 0.29, 0.79]  0.26
1      B  0.0000  0.000000   None   [0.7, 0.02, 0.28, 0.76]  0.34
2      C  0.0000  0.000000   None   [0.71, 0.14, 0.29, 0.7]  0.39
3      D  0.0555  0.114457   None  [0.71, 0.61, 0.26, 0.79]  0.18
4      E  0.9220  0.085441   None  [0.71, 0.21, 0.21, 0.66]  0.21
5      F  0.0000  0.027328   None   [0.7, 0.65, 0.23, 0.69]  0.27
6    A.a  0.0000  0.075556      A  [0.74, 0.37, 0.23, 0.77]  0.19
7    A.b  0.0000  0.042088      A  [0.63, 0.53, 0.28, 0.89]  0.33
8    B.a  0.0225  0.097212      B   [0.66, 0.0, 0.24, 0.68]  0.25
9    B.b  0.0000  0.010287      B  [0.74, 0.03, 0.24, 0.76]  0.25
10   B.c  0.0000  0.000000      B   [0.66, 0.05, 0.21, 0.8]  0.42
11   A.c  0.0000  0.107573      A   [0.61, 0.5, 0.19, 0.83]  0.28
12   B.d  0.0000  0.000000      B   [0.65, 0.04, 0.3, 0.77]  0.43
13   C.a  0.0000  0.000000      C  [0.78, 0.18, 0.25, 0.77]  0.38
14   B.e  0.0000  0.000000      B  [0.78, 0.06, 0.33, 0.76]  0.35
15   B.f  0.0000  0.000000      B   [0.72, 0.0, 0.24, 0.79]  0.32
treatments:
[[0. 0. 0. 1.]
 [0. 0. 0. 1.]
 [0. 0. 0. 1.]
 [0. 0. 0. 1.]
 [0. 0. 0. 1.]
 [0. 0. 0. 1.]
 [0. 0. 0. 1.]
 [0. 0. 0. 1.]
 [0. 0. 0. 1.]
 [0. 0. 0. 1.]
 [1. 0. 0. 0.]
 [1. 0. 0. 0.]
 [1. 0. 0. 0.]
 [1. 0. 0. 0.]
 [1. 0. 0. 0.]
 [1. 0. 0. 0.]
 [1. 0. 0. 0.]
 [1. 0. 0. 0.]
 [1. 0. 0. 0.]
 [1. 0. 0. 0.]
 [0. 0. 0. 1.]
 [0. 0. 0. 1.]
 [0. 0. 0. 1.]
 [0. 0. 0. 1.]
 [0. 0. 0. 1.]
 [0. 0. 0. 1.]
 [0. 0. 0. 1.]
 [0. 0. 0. 1.]
 [0. 0. 0. 1.]
 [0. 0. 0. 1.]
 [1. 0. 0. 0.]
 [1. 0. 0. 0.]
 [1. 0. 0. 0.]
 [1. 0. 0. 0.]
 [1. 0. 0. 0.]
 [1. 0. 0. 0.]
 [1. 0. 0. 0.]
 [1. 0. 0. 0.]
 [1. 0. 0. 0.]
 [1. 0. 0. 0.]
 [1. 0. 0. 0.]
 [1. 0. 0. 0.]
 [1. 0. 0. 0.]
 [1. 0. 0. 0.]
 [1. 0. 0. 0.]
 [1. 0. 0. 0.]
 [1. 0. 0. 0.]
 [1. 0. 0. 0.]
 [1. 0. 0. 0.]
 [1. 0. 0. 0.]
 [1. 0. 0. 0.]
 [1. 0. 0. 0.]
 [1. 0. 0. 0.]
 [1. 0. 0. 0.]
 [1. 0. 0. 0.]
 [1. 0. 0. 0.]
 [1. 0. 0. 0.]
 [1. 0. 0. 0.]
 [1. 0. 0. 0.]
 [1. 0. 0. 0.]
 [1. 0. 0. 0.]
 [1. 0. 0. 0.]
 [1. 0. 0. 0.]
 [1. 0. 0. 0.]
 [1. 0. 0. 0.]
 [1. 0. 0. 0.]
 [1. 0. 0. 0.]
 [1. 0. 0. 0.]
 [1. 0. 0. 0.]
 [1. 0. 0. 0.]
 [1. 0. 0. 0.]
 [1. 0. 0. 0.]
 [1. 0. 0. 0.]
 [1. 0. 0. 0.]
 [1. 0. 0. 0.]
 [1. 0. 0. 0.]
 [1. 0. 0. 0.]
 [1. 0. 0. 0.]
 [1. 0. 0. 0.]
 [1. 0. 0. 0.]
 [1. 0. 0. 0.]
 [1. 0. 0. 0.]
 [1. 0. 0. 0.]
 [1. 0. 0. 0.]
 [1. 0. 0. 0.]
 [1. 0. 0. 0.]
 [1. 0. 0. 0.]
 [1. 0. 0. 0.]
 [1. 0. 0. 0.]
 [1. 0. 0. 0.]
 [1. 0. 0. 0.]
 [1. 0. 0. 0.]
 [1. 0. 0. 0.]
 [1. 0. 0. 0.]
 [1. 0. 0. 0.]
 [1. 0. 0. 0.]
 [1. 0. 0. 0.]
 [1. 0. 0. 0.]
 [1. 0. 0. 0.]
 [1. 0. 0. 0.]]
stratlog: 
['fit', 'fit', 'fit', 'fit', 'propweight', 'propweight', 'propweight', 'prop', 'prop', 'propweight']