  label  prop   fitness parent         alpha     c
0     A   0.0 -0.151577   None   [0.72, 0.6]  0.55
1     B  -0.0  0.138758   None  [0.65, 0.44]  0.42
2     C   1.0 -0.755388   None  [0.38, 0.79]  0.96
3   B.a  -0.0  0.136213      B  [0.56, 0.36]  0.51
4   B.b   0.0 -0.012597      B  [0.72, 0.53]  0.48
5   A.a   0.0 -0.235667      A  [0.64, 0.63]  0.60
6   B.c  -0.0  0.181477      B  [0.63, 0.39]  0.43
7   A.b   0.0 -0.188791      A  [0.62, 0.63]  0.56
treatments:
[[1. 0.]
 [1. 0.]
 [1. 0.]
 [1. 0.]
 [1. 0.]
 [1. 0.]
 [1. 0.]
 [1. 0.]
 [1. 0.]
 [1. 0.]
 [1. 0.]
 [1. 0.]
 [1. 0.]
 [1. 0.]
 [1. 0.]
 [1. 0.]
 [1. 0.]
 [1. 0.]
 [1. 0.]
 [1. 0.]
 [0. 1.]
 [0. 1.]
 [0. 1.]
 [0. 1.]
 [0. 1.]
 [0. 1.]
 [0. 1.]
 [0. 1.]
 [0. 1.]
 [0. 1.]
 [0. 1.]
 [0. 1.]
 [0. 1.]
 [0. 1.]
 [0. 1.]
 [0. 1.]
 [0. 1.]
 [0. 1.]
 [0. 1.]
 [0. 1.]
 [0. 1.]
 [0. 1.]
 [0. 1.]
 [0. 1.]
 [0. 1.]
 [0. 1.]
 [0. 1.]
 [0. 1.]
 [0. 1.]
 [0. 1.]
 [0. 1.]
 [0. 1.]
 [0. 1.]
 [0. 1.]
 [0. 1.]
 [0. 1.]
 [0. 1.]
 [0. 1.]
 [0. 1.]
 [0. 1.]
 [0. 1.]
 [0. 1.]
 [0. 1.]
 [0. 1.]
 [0. 1.]
 [0. 1.]
 [0. 1.]
 [0. 1.]
 [0. 1.]
 [0. 1.]
 [0. 1.]
 [0. 1.]
 [0. 1.]
 [0. 1.]
 [0. 1.]
 [0. 1.]
 [0. 1.]
 [0. 1.]
 [0. 1.]
 [0. 1.]
 [0. 1.]
 [0. 1.]
 [0. 1.]
 [0. 1.]
 [0. 1.]
 [0. 1.]
 [0. 1.]
 [0. 1.]
 [0. 1.]
 [0. 1.]
 [0. 1.]
 [0. 1.]
 [0. 1.]
 [0. 1.]
 [0. 1.]
 [0. 1.]
 [0. 1.]
 [0. 1.]
 [0. 1.]
 [0. 1.]]
stratlog: 
['prop', 'prop', 'prop', 'prop', 'prop', 'prop', 'prop', 'prop', 'prop', 'prop']