alpha: 
 [[0.1  2.2 ]
 [1.1  0.05]
 [0.8  0.7 ]] 
cs:
[0.03 0.03 0.01]
treatments:
[[1.         0.        ]
 [0.9        0.        ]
 [0.729      0.        ]
 [0.531441   0.        ]
 [0.34867844 0.        ]
 [0.20589113 0.        ]
 [0.10941899 0.        ]
 [0.05233476 0.        ]
 [0.0225284  0.        ]
 [0.00872796 0.        ]
 [0.         1.        ]
 [0.         0.9       ]
 [0.         0.729     ]
 [0.         0.531441  ]
 [0.         0.34867844]
 [0.         0.20589113]
 [0.         0.10941899]
 [0.         0.05233476]
 [0.         0.0225284 ]
 [0.         0.00872796]
 [0.         1.        ]
 [0.         0.9       ]
 [0.         0.729     ]
 [0.         0.531441  ]
 [0.         0.34867844]
 [0.         0.20589113]
 [0.         0.10941899]
 [0.         0.05233476]
 [0.         0.0225284 ]
 [0.         0.00872796]
 [0.         1.        ]
 [0.         0.9       ]
 [0.         0.729     ]
 [0.         0.531441  ]
 [0.         0.34867844]
 [0.         0.20589113]
 [0.         0.10941899]
 [0.         0.05233476]
 [0.         0.0225284 ]
 [0.         0.00872796]
 [0.         1.        ]
 [0.         0.9       ]
 [0.         0.729     ]
 [0.         0.531441  ]
 [0.         0.34867844]
 [0.         0.20589113]
 [0.         0.10941899]
 [0.         0.05233476]
 [0.         0.0225284 ]
 [0.         0.00872796]
 [0.         1.        ]
 [0.         0.9       ]
 [0.         0.729     ]
 [0.         0.531441  ]
 [0.         0.34867844]
 [0.         0.20589113]
 [0.         0.10941899]
 [0.         0.05233476]
 [0.         0.0225284 ]
 [0.         0.00872796]
 [0.         1.        ]
 [0.         0.9       ]
 [0.         0.729     ]
 [0.         0.531441  ]
 [0.         0.34867844]
 [0.         0.20589113]
 [0.         0.10941899]
 [0.         0.05233476]
 [0.         0.0225284 ]
 [0.         0.00872796]
 [0.         1.        ]
 [0.         0.9       ]
 [0.         0.729     ]
 [0.         0.531441  ]
 [0.         0.34867844]
 [0.         0.20589113]
 [0.         0.10941899]
 [0.         0.05233476]
 [0.         0.0225284 ]
 [0.         0.00872796]
 [1.         0.        ]
 [0.9        0.        ]
 [0.729      0.        ]
 [0.531441   0.        ]
 [0.34867844 0.        ]
 [0.20589113 0.        ]
 [0.10941899 0.        ]
 [0.05233476 0.        ]
 [0.0225284  0.        ]
 [0.00872796 0.        ]
 [0.         1.        ]
 [0.         0.9       ]
 [0.         0.729     ]
 [0.         0.531441  ]
 [0.         0.34867844]
 [0.         0.20589113]
 [0.         0.10941899]
 [0.         0.05233476]
 [0.         0.0225284 ]
 [0.         0.00872796]]
stratlog: 
['prop', 'prop', 'prop', 'prop', 'propweight', 'prop', 'propweight', 'prop', 'fit', 'propweight']